A=[6.708 1.732 1 5; 8.66 2.236 1 5; 2.236 1.732 3 5]
B=[5;5;5]
X=[1;1;1]
A# Escolha arbitrária de pivot
A(2,:)=A(2,:)-A(2,1)/A(1,1)*A(1,:)
A(3,:)=A(3,:)-A(3,1)/A(1,1)*A(1,:)
format short E
A=[6.708 1.732 1 5; 0 -4.77E-6 -0.291 -1.455; 0 1.155 2.667 3.333]
A(3,:)=A(3,:)-A(3,2)/A(2,2)*A(2,:)
A=[6.708 1.732 1 5; 0 -4.77E-6 -0.291 -1.455; 0 0 -7.046E+004 -3.523E+005]
#Por substituição inversa
X(3,1)=A(3,4)/A(3,3)
X(2,1)=(A(2,4)-A(2,3)*z)/A(2,2)
X(1,1)=(A(1,4)-A(1,3)*z-A(1,2)*y)/A(1,1)

A=[6.708 1.732 1; 8.66 2.236 1; 2.236 1.732 3]
A\B